6402
1052
1724
7495
397
5028
616
2041
1352
41818
3329
1565
850
3290
6096
1344496
1661
859
17070
1593
1625
190689
1495
361
2571
1517
1179
3942
5115
547
1005
6726
668
1784
350
963
7399
2088
9703
770
3690
2234
3721
952
86465
15823
20755
8410
142707
16300
1075
4610
3355
2763
15299
5579
42193
3644
1492
1679
1299
4410
50714
30190
1515
2561
4616
2922
3916
1235
6714
31745
2053
2206
1178
312
802
956
2868
1321
26939
2145
34119
896
446
1908
50675
626
6479
17252
2003
8373
960
2491
1207
874
1177
9204
126719
7157
46469
4247
974
40
372
890
64
702
60
329
143
3792
552
231
174
678
854
48942
270
198
2070
359
301
16979
273
75
537
236
269
451
650
60
136
950
95
290
38
131
1036
462
901
150
477
341
417
151
7750
1661
2231
924
11103
1916
161
747
648
447
1543
779
4564
457
221
267
161
529
5988
4049
259
396
618
499
558
198
966
3106
289
465
214
51
45
113
408
196
2514
298
3763
128
56
310
3487
124
780
2800
182
914
145
299
241
159
170
1071
9860
831
4223
785
207
11
55
275
8
164
21
81
42
1498
124
40
40
104
239
27094
56
39
626
50
75
5310
40
10
83
47
72
152
199
16
32
269
20
53
15
15
166
125
541
21
131
78
96
47
2415
489
618
231
3187
541
34
188
104
108
382
206
1533
136
65
45
35
175
1797
1007
61
68
166
106
157
36
229
904
94
69
33
15
16
29
112
67
611
64
1203
34
18
45
1228
27
208
692
105
246
35
76
62
45
28
271
3240
330
1420
178
24300
1717
5319
14006
1890
10455
1861
4923
3523
42741
11341
5989
5234
13223
14435
735863
6674
4426
23024
5477
6098
208783
6007
2869
14271
7731
4784
14022
9680
2069
4380
15037
3363
6854
1734
2378
15698
10283
13062
4165
12553
8278
6965
4880
101957
28706
29658
12642
140998
30422
4776
9717
11026
8843
30295
15628
80097
12703
4140
4456
5145
7814
83251
44250
4598
5410
13706
9334
10000
4749
15927
42748
7341
6180
6039
1755
1849
1987
10699
6055
32980
8776
57721
2736
2071
8681
64877
1934
12570
42836
6247
20986
4275
4847
5873
7183
5916
14715
160535
23226
65992
14245
